baseline =  {'RMSE': tensor(0.8675, device='cuda:0'), 'Precision': tensor([0.0902, 0.0831, 0.0780, 0.0743, 0.0714, 0.0687, 0.0666, 0.0648, 0.0632,
        0.0618], device='cuda:0'), 'Recall': tensor([0.0063, 0.0112, 0.0152, 0.0190, 0.0225, 0.0256, 0.0286, 0.0315, 0.0342,
        0.0368], device='cuda:0')} 

usup =  {'RMSE': tensor(0.8675, device='cuda:0'), 'Precision': tensor([0.0902, 0.0831, 0.0780, 0.0743, 0.0714, 0.0687, 0.0666, 0.0648, 0.0632,
        0.0618], device='cuda:0'), 'Recall': tensor([0.0063, 0.0112, 0.0152, 0.0190, 0.0225, 0.0256, 0.0286, 0.0315, 0.0342,
        0.0368], device='cuda:0'), 'Quantile RMSE': tensor([0.8611, 0.8682, 0.8774, 0.8583, 0.8744, 0.8700, 0.8599, 0.8580, 0.8572,
        0.8573, 0.8444, 0.8778, 0.8488, 0.8926, 0.8841, 0.8599, 0.8615, 0.8970,
        0.8681, 0.8765]), 'Quantile MAP': tensor([0.0631, 0.0630, 0.0610, 0.0599, 0.0612, 0.0637, 0.0644, 0.0643, 0.0660,
        0.0652, 0.0666, 0.0654, 0.0643, 0.0626, 0.0604, 0.0601, 0.0583, 0.0554,
        0.0543, 0.0568]), 'RRI': tensor([-0.0087, -0.0075, -0.0043, -0.0004,  0.0001, -0.0016, -0.0024, -0.0035,
        -0.0042]), 'Correlation': (tensor(0.0029, device='cuda:0'), tensor(0.0044, device='cuda:0')), 'RPI': tensor(0.0119, device='cuda:0'), 'Classification': (-0.5329840589152337, 0.503119427229881)} 

isup =  {'RMSE': tensor(0.8675, device='cuda:0'), 'Precision': tensor([0.0902, 0.0831, 0.0780, 0.0743, 0.0714, 0.0687, 0.0666, 0.0648, 0.0632,
        0.0618], device='cuda:0'), 'Recall': tensor([0.0063, 0.0112, 0.0152, 0.0190, 0.0225, 0.0256, 0.0286, 0.0315, 0.0342,
        0.0368], device='cuda:0'), 'Quantile RMSE': tensor([0.9116, 0.8884, 0.8968, 0.8993, 0.8825, 0.8694, 0.8466, 0.8761, 0.8611,
        0.8471, 0.8435, 0.8393, 0.8437, 0.8303, 0.8388, 0.8455, 0.8542, 0.8624,
        0.8814, 0.9244]), 'Quantile MAP': tensor([0.0917, 0.0886, 0.0881, 0.0875, 0.0863, 0.0841, 0.0802, 0.0770, 0.0736,
        0.0700, 0.0645, 0.0611, 0.0555, 0.0505, 0.0451, 0.0390, 0.0343, 0.0285,
        0.0212, 0.0093]), 'RRI': tensor([0.2195, 0.3662, 0.4658, 0.5361, 0.5898, 0.6344, 0.6745, 0.7073, 0.7376]), 'Correlation': (tensor(-0.0161, device='cuda:0'), tensor(-0.0059, device='cuda:0')), 'RPI': tensor(-0.0728, device='cuda:0'), 'Classification': (-0.6023828931478384, 0.4961996647546923)} 

ivar =  {'RMSE': tensor(0.8675, device='cuda:0'), 'Precision': tensor([0.0902, 0.0831, 0.0780, 0.0743, 0.0714, 0.0687, 0.0666, 0.0648, 0.0632,
        0.0618], device='cuda:0'), 'Recall': tensor([0.0063, 0.0112, 0.0152, 0.0190, 0.0225, 0.0256, 0.0286, 0.0315, 0.0342,
        0.0368], device='cuda:0'), 'Quantile RMSE': tensor([0.7228, 0.7581, 0.7758, 0.8009, 0.7985, 0.8157, 0.8280, 0.8332, 0.8518,
        0.8605, 0.8656, 0.8596, 0.8817, 0.8966, 0.9059, 0.9139, 0.9341, 0.9582,
        0.9725, 1.0471]), 'Quantile MAP': tensor([0.0378, 0.0478, 0.0536, 0.0561, 0.0594, 0.0619, 0.0644, 0.0657, 0.0675,
        0.0681, 0.0688, 0.0685, 0.0670, 0.0673, 0.0671, 0.0650, 0.0663, 0.0678,
        0.0657, 0.0502]), 'RRI': tensor([0.0104, 0.0088, 0.0071, 0.0081, 0.0112, 0.0132, 0.0181, 0.0208, 0.0241]), 'Correlation': (tensor(0.1103, device='cuda:0'), tensor(0.0917, device='cuda:0')), 'RPI': tensor(0.4379, device='cuda:0'), 'Classification': (-0.5286029518379465, 0.5641765978059394)} 

funksvdcv =  {'RMSE': tensor(0.8675, device='cuda:0'), 'Precision': tensor([0.0902, 0.0831, 0.0780, 0.0743, 0.0714, 0.0687, 0.0666, 0.0648, 0.0632,
        0.0618], device='cuda:0'), 'Recall': tensor([0.0063, 0.0112, 0.0152, 0.0190, 0.0225, 0.0256, 0.0286, 0.0315, 0.0342,
        0.0368], device='cuda:0'), 'Quantile RMSE': tensor([0.7770, 0.7235, 0.7370, 0.7512, 0.7655, 0.7788, 0.7899, 0.8016, 0.8157,
        0.8291, 0.8426, 0.8560, 0.8725, 0.8889, 0.9070, 0.9287, 0.9570, 0.9900,
        1.0419, 1.1710]), 'Quantile MAP': tensor([0.0113, 0.0289, 0.0424, 0.0519, 0.0574, 0.0618, 0.0643, 0.0677, 0.0696,
        0.0701, 0.0723, 0.0721, 0.0735, 0.0740, 0.0736, 0.0742, 0.0728, 0.0717,
        0.0684, 0.0580]), 'RRI': tensor([-0.0223, -0.0438, -0.0613, -0.0744, -0.0850, -0.0947, -0.1038, -0.1105,
        -0.1167]), 'Correlation': (tensor(0.1576, device='cuda:0'), tensor(0.1390, device='cuda:0')), 'RPI': tensor(0.5949, device='cuda:0'), 'Classification': (-0.5243363421302591, 0.5906927462783451)} 

biascv =  {'RMSE': tensor(0.8675, device='cuda:0'), 'Precision': tensor([0.0902, 0.0831, 0.0780, 0.0743, 0.0714, 0.0687, 0.0666, 0.0648, 0.0632,
        0.0618], device='cuda:0'), 'Recall': tensor([0.0063, 0.0112, 0.0152, 0.0190, 0.0225, 0.0256, 0.0286, 0.0315, 0.0342,
        0.0368], device='cuda:0'), 'Quantile RMSE': tensor([0.5665, 0.6305, 0.6641, 0.6911, 0.7159, 0.7368, 0.7581, 0.7778, 0.7978,
        0.8198, 0.8400, 0.8613, 0.8845, 0.9092, 0.9363, 0.9696, 1.0074, 1.0576,
        1.1225, 1.2688]), 'Quantile MAP': tensor([0.0558, 0.0652, 0.0678, 0.0711, 0.0718, 0.0705, 0.0709, 0.0692, 0.0688,
        0.0686, 0.0658, 0.0651, 0.0625, 0.0614, 0.0594, 0.0562, 0.0541, 0.0502,
        0.0453, 0.0365]), 'RRI': tensor([-0.0221, -0.0549, -0.0761, -0.0900, -0.0997, -0.1082, -0.1147, -0.1194,
        -0.1230]), 'Correlation': (tensor(0.2572, device='cuda:0'), tensor(0.2237, device='cuda:0')), 'RPI': tensor(0.9816, device='cuda:0'), 'Classification': (-0.5103189980969207, 0.6472645603090714)} 

resample = {'RMSE': tensor(0.8646, device='cuda:0'), 'Precision': tensor([0.1041, 0.0961, 0.0903, 0.0858, 0.0823, 0.0792, 0.0768, 0.0748, 0.0729,
        0.0712], device='cuda:0'), 'Recall': tensor([0.0065, 0.0117, 0.0162, 0.0201, 0.0238, 0.0272, 0.0304, 0.0335, 0.0365,
        0.0393], device='cuda:0'), 'Quantile RMSE': tensor([0.7638, 0.7785, 0.7888, 0.7966, 0.8053, 0.8130, 0.8200, 0.8263, 0.8322,
        0.8389, 0.8462, 0.8536, 0.8599, 0.8690, 0.8791, 0.8929, 0.9148, 0.9444,
        0.9885, 1.1038]), 'Quantile MAP': tensor([0.0151, 0.0258, 0.0336, 0.0415, 0.0475, 0.0519, 0.0576, 0.0622, 0.0663,
        0.0712, 0.0753, 0.0799, 0.0825, 0.0877, 0.0939, 0.0984, 0.1024, 0.1080,
        0.1145, 0.1095]), 'RRI': tensor([-0.0663, -0.1230, -0.1675, -0.1999, -0.2267, -0.2472, -0.2637, -0.2801,
        -0.2954]), 'Correlation': (tensor(0.1168, device='cuda:0'), tensor(0.0883, device='cuda:0')), 'RPI': tensor(0.5148, device='cuda:0'), 'Classification': (-0.526729740709993, 0.558428172413906)}

ensemble = {'RMSE': tensor(0.8319, device='cuda:0'), 'Precision': tensor([0.1214, 0.1113, 0.1033, 0.0973, 0.0925, 0.0885, 0.0852, 0.0824, 0.0799,
        0.0776], device='cuda:0'), 'Recall': tensor([0.0077, 0.0136, 0.0183, 0.0225, 0.0264, 0.0299, 0.0331, 0.0362, 0.0391,
        0.0419], device='cuda:0'), 'Quantile RMSE': tensor([0.7707, 0.7737, 0.7772, 0.7817, 0.7858, 0.7904, 0.7949, 0.8015, 0.8055,
        0.8116, 0.8183, 0.8248, 0.8309, 0.8382, 0.8471, 0.8580, 0.8708, 0.8887,
        0.9193, 1.0058]), 'Quantile MAP': tensor([0.0094, 0.0144, 0.0200, 0.0269, 0.0344, 0.0437, 0.0508, 0.0599, 0.0674,
        0.0767, 0.0843, 0.0925, 0.0975, 0.1087, 0.1159, 0.1204, 0.1245, 0.1342,
        0.1380, 0.1336]), 'RRI': tensor([-0.0661, -0.1171, -0.1595, -0.1898, -0.2149, -0.2349, -0.2530, -0.2687,
        -0.2826]), 'Correlation': (tensor(0.0911, device='cuda:0'), tensor(0.0704, device='cuda:0')), 'RPI': tensor(0.3794, device='cuda:0'), 'Classification': (-0.5088254632126619, 0.5465176065822879)}

cpmf = {'RMSE': tensor(0.8647, device='cuda:0'), 'Precision': tensor([0.0832, 0.0763, 0.0718, 0.0683, 0.0655, 0.0632, 0.0612, 0.0596, 0.0582,
        0.0569], device='cuda:0'), 'Recall': tensor([0.0055, 0.0098, 0.0136, 0.0169, 0.0200, 0.0229, 0.0256, 0.0282, 0.0307,
        0.0330], device='cuda:0'), 'Quantile RMSE': tensor([0.6807, 0.7074, 0.7196, 0.7315, 0.7433, 0.7573, 0.7712, 0.7856, 0.8005,
        0.8169, 0.8327, 0.8518, 0.8720, 0.8926, 0.9166, 0.9452, 0.9786, 1.0219,
        1.0837, 1.1750]), 'Quantile MAP': tensor([0.0423, 0.0542, 0.0606, 0.0635, 0.0662, 0.0682, 0.0686, 0.0687, 0.0680,
        0.0693, 0.0667, 0.0666, 0.0637, 0.0625, 0.0578, 0.0548, 0.0482, 0.0419,
        0.0299, 0.0159]), 'RRI': tensor([0.0943, 0.1599, 0.2042, 0.2370, 0.2600, 0.2790, 0.2925, 0.3022, 0.3121]),
        'Correlation': (tensor(0.1464, device='cuda:0'), tensor(0.1820, device='cuda:0')), 'RPI': tensor(0.7914, device='cuda:0'), 'Classification': (-0, 0.6165257389290548)}
        
ordrec = {'RMSE': tensor(1.0191, device='cuda:0', dtype=torch.float64), 'Precision': tensor([0.0635, 0.0602, 0.0564, 0.0578, 0.0573, 0.0550, 0.0528, 0.0508, 0.0487,
        0.0468], device='cuda:0'), 'Recall': tensor([0.0027, 0.0048, 0.0066, 0.0096, 0.0123, 0.0143, 0.0162, 0.0181, 0.0197,
        0.0211], device='cuda:0'), 'Quantile RMSE': tensor([0.9893, 0.9950, 0.9690, 0.9629, 0.9660, 0.9733, 0.9831, 0.9932, 1.0023,
        1.0074, 1.0069, 1.0006, 0.9835, 0.9432, 1.0177, 1.0775, 1.0905, 1.0954,
        1.1152, 1.1775]), 'Quantile MAP': tensor([0.0551, 0.0557, 0.0239, 0.0181, 0.0542, 0.0617, 0.0602, 0.0587, 0.0561,
        0.0522, 0.0521, 0.0490, 0.0467, 0.0451, 0.0448, 0.0454, 0.0499, 0.0599,
        0.0356, 0.0107]), 'RRI': tensor([ 0.0407,  0.1000, -0.0223,  0.0032,  0.0686,  0.0990,  0.1231,  0.1568,
         0.1883]), 'Correlation': (tensor(0.1400, device='cuda:0', dtype=torch.float64), tensor(0.3095, device='cuda:0', dtype=torch.float64)), 'RPI': tensor(0.1661, device='cuda:0', dtype=torch.float64),
          'Classification': (-0.53819117825272, 0.5794726776364477)}
